1.000000
1.000000
1.000000
65.730000
99.900000
100.000000
99.900000
100.000000
100.000000
100.000000
100.000000
100.000000
100.000000
99.900000
96.000000
94.500000
95.300000
95.000000
92.500000
95.000000
95.000000
95.000000
95.000000
95.000000
95.000000
95.000000
95.000000
95.000000
97.100000
100.000000
94.710000
53.130000
80.000000
80.000000
80.000000
80.000000
80.000000
80.000000
80.000000
80.000000
80.000000
80.000000
80.000000
7.860000
1.000000
1.000000
5.390000
6.370000
5.080000
4.780000
2.950000
8.050000
1.000000
5.110000
5.180000
2.980000
3.510000
3.240000
1.750000
6.700000
4.960000
6.130000
1.000000
3.510000
5.800000
11.020000
7.960000
9.300000
1.000000
8.770000
1.190000
4.230000
