1.000000
1.000000
72.550000
99.100000
98.100000
99.300000
98.500000
100.000000
99.600000
99.200000
99.900000
98.400000
98.100000
99.400000
96.700000
95.000000
95.200000
95.000000
95.000000
95.000000
95.000000
95.000000
94.900000
95.000000
95.000000
95.000000
95.200000
95.000000
95.000000
95.000000
95.000000
95.000000
95.000000
95.000000
95.000000
95.000000
95.000000
95.000000
95.000000
95.000000
95.000000
95.000000
95.000000
21.310000
1.570000
1.000000
1.000000
1.000000
1.000000
1.390000
5.830000
5.050000
1.000000
1.000000
3.420000
5.490000
1.000000
1.000000
2.970000
2.340000
2.330000
1.000000
1.000000
8.080000
3.730000
3.340000
2.950000
3.340000
2.170000
2.560000
4.120000
9.360000
