1.000000
57.910000
72.300000
33.490000
37.380000
46.100000
69.610000
57.000000
61.230000
53.850000
54.840000
88.900000
53.540000
64.020000
85.000000
75.760000
94.200000
87.800000
89.600000
55.610000
93.000000
94.400000
94.500000
88.600000
94.700000
95.200000
94.600000
69.570000
65.450000
30.200000
24.530000
71.160000
6.120000
38.610000
48.680000
62.900000
17.530000
11.340000
45.140000
28.980000
32.060000
28.310000
17.750000
29.790000
1.990000
1.000000
5.810000
32.150000
16.300000
1.990000
5.810000
1.000000
17.740000
41.720000
12.180000
15.150000
3.750000
6.880000
15.780000
8.340000
24.000000
30.770000
19.450000
36.110000
27.560000
34.400000
11.110000
55.120000
34.620000
60.410000
