26.000000
40.800000
60.900000
52.000000
47.500000
54.600000
52.300000
46.000000
40.100000
47.600000
47.100000
54.500000
44.400000
48.200000
53.900000
53.400000
49.800000
42.300000
21.300000
49.100000
50.600000
36.800000
38.900000
47.000000
48.200000
36.700000
35.000000
53.700000
55.300000
39.000000
50.700000
48.300000
43.400000
42.000000
44.600000
38.900000
54.000000
37.100000
52.500000
47.200000
40.000000
50.300000
34.000000
52.100000
49.800000
44.500000
33.000000
40.400000
53.300000
48.600000
45.000000
45.900000
39.100000
16.900000
43.900000
33.800000
50.100000
45.000000
47.100000
42.000000
14.300000
56.400000
62.000000
40.500000
55.300000
49.300000
54.800000
30.700000
50.800000
49.700000
61.300000
47.400000
46.200000
45.900000
46.600000
39.200000
54.000000
56.100000
42.800000
46.800000
54.600000
47.000000
57.700000
39.100000
38.900000
47.000000
49.000000
40.500000
33.900000
52.100000
53.500000
60.400000
58.700000
33.600000
43.300000
53.100000
42.000000
46.200000
53.000000
48.100000
50.600000
46.400000
47.800000
51.800000
40.700000
39.300000
42.700000
34.500000
40.700000
24.100000
45.000000
49.300000
12.800000
51.900000
36.600000
55.200000
56.200000
60.800000
46.900000
44.600000
41.200000
32.300000
52.400000
41.300000
35.200000
29.700000
19.000000
27.200000
30.700000
46.400000
33.400000
46.800000
42.100000
39.700000
30.800000
44.200000
48.200000
36.600000
51.700000
42.400000
40.400000
41.100000
47.100000
56.800000
53.600000
51.900000
43.200000
40.800000
33.300000
48.100000
43.500000
41.600000
40.500000
50.500000
25.900000
46.800000
53.700000
38.600000
48.800000
58.900000
28.300000
59.300000
42.600000
31.900000
45.500000
32.300000
42.800000
43.900000
47.200000
37.100000
52.800000
30.700000
38.900000
45.500000
50.700000
30.400000
36.600000
35.300000
37.900000
54.400000
60.300000
53.400000
54.100000
40.400000
42.400000
36.400000
36.000000
42.500000
39.700000
16.000000
27.800000
45.500000
44.200000
37.800000
57.700000
42.200000
36.200000
42.400000
52.900000
38.200000
41.600000
44.200000
54.000000
45.500000
35.100000
54.100000
41.400000
52.700000
51.900000
42.400000
43.500000
27.200000
26.000000
40.200000
16.200000
34.400000
-0.800000
24.500000
29.800000
40.600000
26.200000
24.800000
16.400000
-5.000000
25.900000
14.300000
37.200000
35.400000
47.600000
48.200000
49.300000
31.600000
53.800000
39.600000
57.400000
48.700000
59.300000
41.500000
24.600000
45.100000
34.200000
37.500000
48.500000
33.300000
43.300000
28.800000
36.100000
36.500000
41.200000
55.700000
39.800000
52.900000
41.600000
44.800000
35.700000
48.200000
44.000000
49.600000
32.800000
41.300000
36.000000
36.600000
41.600000
50.600000
36.400000
43.700000
51.800000
56.400000
51.400000
31.300000
26.700000
38.100000
54.900000
56.000000
40.500000
53.400000
53.900000
48.100000
43.100000
38.700000
46.800000
37.500000
45.300000
42.800000
41.200000
46.200000
23.800000
47.200000
48.300000
50.400000
45.500000
56.200000
25.000000
38.800000
32.000000
23.800000
25.400000
26.600000
25.400000
16.300000
19.300000
14.100000
27.900000
14.800000
2.100000
16.700000
28.200000
-3.000000
27.600000
6.900000
21.100000
15.300000
30.900000
17.200000
26.700000
6.500000
19.500000
24.500000
11.100000
27.200000
21.800000
27.800000
12.300000
26.200000
11.900000
15.500000
20.600000
49.500000
37.900000
40.000000
41.300000
-4.000000
12.500000
37.500000
-4.900000
14.500000
32.500000
34.600000
4.700000
43.100000
33.200000
47.600000
52.200000
72.100000
86.900000
37.000000
79.000000
83.500000
76.000000
74.400000
86.200000
70.100000
73.900000
77.700000
75.200000
78.500000
69.200000
86.600000
88.600000
56.800000
86.800000
75.100000
82.400000
83.800000
83.000000
93.600000
93.000000
77.200000
73.500000
98.600000
66.000000
100.700000
75.700000
88.400000
77.700000
97.300000
80.900000
81.700000
85.800000
87.800000
68.000000
82.400000
88.300000
82.500000
83.300000
79.700000
75.800000
70.900000
73.500000
82.600000
80.200000
95.200000
76.500000
84.100000
62.000000
82.400000
76.900000
92.200000
84.500000
86.700000
95.300000
87.300000
69.800000
76.600000
97.300000
83.600000
88.800000
79.800000
84.200000
91.900000
87.100000
78.500000
86.000000
100.100000
89.000000
82.000000
84.900000
85.000000
83.400000
80.100000
55.900000
83.000000
82.500000
85.700000
65.900000
73.300000
83.200000
86.600000
40.400000
77.800000
76.400000
81.600000
77.700000
77.900000
80.400000
87.700000
91.000000
75.100000
80.100000
85.500000
69.300000
74.700000
79.100000
90.700000
84.200000
91.300000
83.200000
71.800000
81.500000
72.100000
78.600000
84.200000
92.700000
85.300000
92.700000
92.200000
78.900000
81.300000
91.300000
78.000000
77.700000
98.200000
73.500000
91.800000
89.600000
85.000000
82.400000
80.500000
78.500000
83.100000
84.100000
79.000000
81.000000
69.700000
77.700000
83.700000
91.100000
73.300000
50.300000
68.300000
83.900000
89.900000
78.000000
71.700000
82.600000
89.600000
87.400000
85.400000
79.700000
90.000000
72.500000
80.100000
89.200000
83.700000
79.000000
67.000000
100.500000
85.800000
93.400000
86.700000
87.800000
81.800000
75.900000
84.200000
71.800000
88.100000
79.500000
85.700000
75.900000
88.600000
80.800000
89.300000
84.700000
64.700000
79.600000
81.000000
79.000000
71.400000
92.200000
76.200000
77.600000
72.100000
82.500000
89.400000
92.200000
86.300000
93.400000
68.500000
76.200000
84.100000
76.400000
73.900000
83.000000
78.700000
79.900000
72.000000
74.000000
92.100000
84.900000
81.400000
83.300000
77.000000
92.100000
86.000000
100.800000
73.700000
79.300000
80.000000
86.500000
66.100000
85.000000
62.400000
83.000000
82.200000
82.900000
84.100000
61.600000
99.200000
85.700000
93.500000
85.300000
80.200000
86.800000
95.800000
81.100000
81.200000
83.100000
81.800000
81.100000
92.800000
89.100000
92.700000
86.300000
88.100000
91.900000
96.500000
71.700000
93.100000
82.500000
97.500000
71.300000
94.800000
70.000000
82.900000
79.800000
77.600000
76.700000
75.700000
86.600000
89.400000
86.100000
84.200000
79.300000
75.600000
87.500000
81.300000
102.400000
78.800000
66.600000
77.800000
62.300000
86.900000
80.700000
100.400000
81.900000
80.800000
93.900000
74.400000
76.100000
88.600000
82.500000
85.200000
80.200000
86.500000
83.400000
83.500000
75.600000
82.300000
66.900000
79.700000
80.500000
75.800000
56.800000
80.900000
94.300000
85.400000
78.100000
76.800000
62.200000
58.700000
67.000000
89.900000
71.000000
75.500000
88.500000
81.400000
74.300000
79.300000
73.000000
88.300000
86.300000
84.800000
80.500000
87.300000
85.300000
95.400000
85.000000
72.000000
72.600000
62.300000
71.600000
83.400000
89.300000
88.900000
85.500000
91.300000
84.500000
83.700000
73.800000
77.900000
82.700000
87.000000
83.200000
95.700000
88.400000
81.800000
89.000000
78.600000
84.100000
83.400000
83.300000
34.200000
75.300000
84.000000
84.000000
93.200000
78.900000
70.200000
86.800000
87.000000
28.400000
88.300000
67.700000
84.300000
71.000000
75.800000
92.100000
65.000000
82.800000
88.000000
84.600000
85.100000
60.400000
45.400000
70.800000
91.200000
88.300000
94.200000
83.500000
37.500000
61.900000
92.300000
88.200000
94.100000
94.900000
91.100000
70.400000
95.000000
78.600000
93.400000
99.500000
78.400000
73.900000
75.300000
95.800000
81.700000
94.700000
88.000000
87.800000
56.400000
90.500000
88.200000
76.400000
84.100000
78.000000
79.300000
85.700000
90.800000
60.600000
78.900000
62.700000
73.400000
54.700000
60.800000
77.000000
87.600000
77.500000
75.400000
76.400000
86.400000
77.000000
101.600000
84.800000
82.900000
84.200000
93.300000
98.500000
58.100000
62.900000
75.000000
78.000000
80.600000
83.400000
84.800000
65.800000
84.600000
60.200000
60.100000
75.200000
98.000000
68.800000
83.400000
92.800000
80.300000
74.900000
67.900000
76.200000
84.800000
89.400000
99.500000
92.800000
89.400000
70.800000
83.500000
85.000000
79.000000
77.500000
98.700000
75.300000
71.500000
90.800000
89.700000
91.100000
75.600000
91.700000
89.800000
83.300000
76.200000
85.400000
89.700000
74.400000
92.400000
97.400000
90.400000
78.200000
67.500000
56.700000
78.500000
100.200000
81.600000
94.000000
85.600000
94.300000
80.600000
88.300000
57.600000
76.000000
78.800000
86.000000
83.200000
83.000000
80.200000
74.000000
79.100000
98.200000
85.500000
88.600000
77.800000
77.000000
87.600000
